360 222
356 215
350 212
339 214
335 218
329 218
324 222
326 236
323 242
317 241
310 245
307 250
307 255
304 260
298 272
296 284
297 294
293 303
290 314
290 323
287 334
302 334
308 330
309 313
309 308
314 296
315 282
319 301
322 305
330 307
316 312
315 323
314 335
313 341
318 342
316 351
315 357
316 368
323 380
313 383
316 391
325 392
337 393
342 392
345 385
345 379
348 374
347 367
345 351
343 342
342 332
342 322
344 318
349 321
348 335
348 348
350 359
352 371
354 380
355 386
364 391
377 392
384 390
379 382
377 378
381 371
382 364
378 352
374 347
372 339
374 330
375 318
374 310
368 306
363 297
364 288
368 273
372 268
377 275
382 295
385 307
385 316
384 330
395 336
407 332
406 318
403 306
399 300
397 290
395 281
393 273
391 267
388 259
386 251
385 246
375 241
370 241
363 243
369 238
370 226
367 221
