351 200
332 193
317 193
310 199
301 202
302 215
300 227
309 233
307 237
296 234
290 234
285 238
282 247
282 253
276 267
272 282
273 292
270 302
266 317
259 340
278 339
286 334
288 321
288 312
287 299
291 281
295 273
297 273
306 290
307 296
303 309
297 321
294 335
285 361
291 372
296 387
301 397
289 410
292 416
310 417
324 417
330 409
335 393
333 375
323 369
323 345
328 330
337 327
338 336
335 350
331 365
334 374
339 387
341 402
335 414
345 421
361 420
370 420
378 409
377 401
374 393
377 381
373 374
368 368
367 352
371 338
367 319
360 314
361 309
355 304
347 300
355 298
360 284
366 265
372 272
380 294
384 310
381 332
382 348
397 350
409 347
411 335
402 310
400 299
394 282
390 261
388 255
383 245
384 236
360 231
360 226
360 211
356 200
