332 185
315 185
303 193
293 198
292 214
297 227
288 228
273 232
270 249
268 262
264 286
260 294
259 316
251 328
247 340
254 353
275 355
282 350
282 336
279 319
278 311
282 293
284 283
289 272
292 278
295 291
295 304
294 316
290 325
285 335
285 346
287 353
289 362
289 370
286 381
283 389
277 395
277 405
278 418
278 424
272 430
272 440
278 440
286 442
297 447
308 441
317 435
317 444
319 452
339 456
352 457
356 449
359 443
377 437
374 419
358 417
362 402
367 394
373 387
376 377
375 365
370 351
360 332
352 323
346 314
342 301
346 288
354 280
359 270
363 286
369 310
372 331
371 340
376 358
385 371
400 374
407 368
407 354
401 336
397 327
392 316
390 302
389 294
386 279
383 265
377 252
370 242
373 234
365 229
354 228
360 219
357 203
346 190
