423 208
411 202
400 203
387 209
384 217
378 226
383 236
384 243
376 246
373 255
374 266
375 277
374 292
375 301
374 307
370 322
367 331
364 342
374 348
385 344
390 336
390 330
390 315
391 299
396 310
393 320
390 334
384 346
378 354
374 367
378 377
377 385
376 389
388 392
392 393
390 406
379 404
373 419
381 420
391 423
396 422
399 439
413 440
430 441
443 437
455 435
465 435
466 426
456 415
455 413
458 398
452 390
441 388
435 385
434 376
439 369
450 372
464 373
471 369
478 363
477 355
471 336
467 330
463 321
463 311
464 304
463 298
461 290
455 277
453 268
455 260
455 249
448 243
444 242
437 239
436 236
438 231
439 221
431 212
