372 213
360 206
347 210
341 213
337 214
334 223
335 231
339 240
346 244
335 242
328 236
321 240
319 245
320 248
313 255
310 265
310 283
305 291
304 300
302 306
294 325
305 332
314 332
322 327
323 319
324 308
324 302
326 284
330 266
334 274
337 286
344 291
342 299
335 300
332 307
327 320
322 333
318 344
328 341
330 349
326 352
327 363
327 371
322 378
328 386
335 391
348 389
360 388
358 377
361 369
359 357
353 347
354 335
354 333
356 319
358 322
358 340
361 351
363 358
364 368
363 375
363 382
373 387
389 387
397 386
394 375
390 372
395 364
395 356
388 347
385 340
383 333
387 326
387 318
388 312
382 304
379 297
375 290
377 275
381 264
386 267
389 285
393 299
393 307
392 320
395 329
402 330
412 327
415 324
414 310
410 302
408 295
408 286
406 279
402 272
400 267
396 256
394 251
394 244
388 238
374 239
381 232
380 223
379 219
