276 224
261 217
251 218
241 220
235 225
232 228
228 228
226 240
223 251
226 258
230 261
241 264
243 268
235 267
223 263
214 263
206 269
209 277
207 289
203 296
199 307
199 316
199 321
197 328
194 334
193 345
189 358
187 376
186 382
197 382
205 383
210 381
215 371
215 361
214 355
217 346
217 337
219 328
220 314
224 292
232 315
242 328
242 340
232 344
228 355
224 369
220 387
217 405
222 412
223 418
226 427
232 435
230 442
221 453
225 461
245 464
258 463
266 452
267 444
264 438
264 431
267 417
262 409
256 405
255 385
254 367
263 364
268 366
267 381
265 397
266 406
270 414
270 423
269 432
270 441
270 450
269 459
274 466
294 468
304 466
310 455
314 446
311 438
313 427
311 413
303 406
300 393
304 375
301 360
299 350
291 350
291 342
285 337
284 330
290 312
298 299
306 312
312 336
315 350
316 381
325 389
340 386
349 379
344 364
338 344
332 333
331 318
326 307
312 273
312 262
301 257
286 263
276 265
284 260
289 253
288 233
