391 230
375 224
358 227
352 233
347 237
344 248
345 259
350 262
341 265
332 270
327 285
328 295
324 307
327 317
323 328
323 336
322 344
317 358
317 367
332 374
341 369
342 368
343 355
344 345
343 336
345 322
347 310
347 304
355 322
359 329
357 337
352 343
347 354
345 364
342 375
336 387
338 399
340 411
346 417
352 429
340 433
340 444
345 451
359 451
368 451
372 449
373 460
394 464
407 465
417 460
426 455
428 453
425 439
422 432
425 420
422 414
413 410
408 406
408 395
415 387
414 373
414 364
414 354
413 347
405 340
394 331
402 322
405 306
407 302
415 324
419 342
422 358
420 369
420 382
424 396
439 397
457 385
454 369
449 354
442 347
441 334
439 324
439 315
435 311
432 296
429 286
426 280
427 270
416 264
405 264
401 262
408 254
404 242
399 235
