439 217
426 211
410 214
401 220
395 223
394 239
395 248
405 251
391 252
385 254
381 260
377 269
377 275
375 283
373 296
371 308
371 315
369 327
367 339
363 352
366 356
382 357
388 353
389 343
391 332
391 322
394 312
394 300
394 294
403 311
403 318
397 335
391 349
386 365
383 374
382 385
388 391
390 400
395 406
398 412
399 418
389 423
392 431
403 440
416 439
421 438
430 444
450 445
466 444
470 436
482 435
473 419
473 414
475 400
463 393
458 387
465 366
464 349
463 338
457 328
451 322
454 307
457 294
461 282
470 304
471 326
474 347
472 363
475 379
489 373
504 369
504 355
499 340
495 334
492 322
490 309
488 299
483 288
478 269
476 258
475 252
453 248
456 238
455 228
450 220
