334 220
323 213
309 217
301 221
295 225
295 239
297 248
311 254
295 249
286 249
280 256
281 261
271 284
272 301
270 311
269 323
260 345
269 354
285 354
289 343
289 330
288 322
290 310
290 296
292 286
294 282
302 292
305 301
304 311
300 317
297 326
293 332
289 352
284 357
284 366
292 368
293 376
287 378
294 392
295 400
290 405
290 410
300 418
312 422
325 419
333 413
329 404
327 398
329 385
324 379
318 373
330 391
331 403
334 409
343 412
357 412
365 410
363 404
358 397
361 387
360 376
353 364
347 359
344 355
346 347
352 343
352 335
352 321
345 313
342 303
342 295
343 278
349 288
355 307
356 319
355 330
355 345
363 346
373 342
378 336
373 323
370 313
369 305
367 296
364 291
363 284
361 275
360 269
359 262
360 255
349 248
343 250
336 249
340 245
346 239
342 226
